221    skill1    5   7   9   11   13   15   17   19   20   22   24   26   28   30   32   34   36   38   40   50   52   55   58   61   63   66   69   72   75   80   82   84   87   90   95   100   110   120   130   150
222    skill2      5   7   9   11   13   15   17   19   20   22   24   26   28   30   32   34   36   38   40   50   52   55   58   61   63   66   69   72   75   80   82   84   87   90   95   100   110   120   130   150
223    skill3    5   7   9   11   13   15   17   19   20   22   24   26   28   30   32   34   36   38   40   50   52   55   58   61   63   66   69   72   75   80   82   84   87   90   95   100   110   120   130   150
224    skill4    5   7   9   11   13   15   17   19   20   22   24   26   28   30   32   34   36   38   40   50   52   55   58   61   63   66   69   72   75   80   82   84   87   90   95   100   110   120   130   150
225    skill5      5   7   9   11   13   15   17   19   20   22   24   26   28   30   32   34   36   38   40   50   52   55   58   61   63   66   69   72   75   80   82   84   87   90   95   100   110   120   130   150
226    skill6    5   7   9   11   13   15   17   19   20   22   24   26   28   30   32   34   36   38   40   50   52   55   58   61   63   66   69   72   75   80   82   84   87   90   95   100   110   120   130   150
227    skill7    5   7   9   11   13   15   17   19   20   22   24   26   28   30   32   34   36   38   40   50   52   55   58   61   63   66   69   72   75   80   82   84   87   90   95   100   110   120   130   150
228    skill8    5   7   9   11   13   15   17   19   20   22   24   26   28   30   32   34   36   38   40   50   52   55   58   61   63   66   69   72   75   80   82   84   87   90   95   100   110   120   130   150
229    skill9    5   7   9   11   13   15   17   19   20   22   24   26   28   30   32   34   36   38   40   50   52   55   58   61   63   66   69   72   75   80   82   84   87   90   95   100   110   120   130   150
230    skill10    5   7   9   11   13   15   17   19   20   22   24   26   28   30   32   34   36   38   40   50   52   55   58   61   63   66   69   72   75   80   82   84   87   90   95   100   110   120   130   150
231    skill11    5   7   9   11   13   15   17   19   20   22   24   26   28   30   32   34   36   38   40   50   52   55   58   61   63   66   69   72   75   80   82   84   87   90   95   100   110   120   130   150
232    skill12    5   7   9   11   13   15   17   19   20   22   24   26   28   30   32   34   36   38   40   50   52   55   58   61   63   66   69   72   75   80   82   84   87   90   95   100   110   120   130   150
233    skill13    5   7   9   11   13   15   17   19   20   22   24   26   28   30   32   34   36   38   40   50   52   55   58   61   63   66   69   72   75   80   82   84   87   90   95   100   110   120   130   150
234    skill14    5   7   9   11   13   15   17   19   20   22   24   26   28   30   32   34   36   38   40   50   52   55   58   61   63   66   69   72   75   80   82   84   87   90   95   100   110   120   130   150
235    skill15    5   7   9   11   13   15   17   19   20   22   24   26   28   30   32   34   36   38   40   50   52   55   58   61   63   66   69   72   75   80   82   84   87   90   95   100   110   120   130   150
236    skill16    5   7   9   11   13   15   17   19   20   22   24   26   28   30   32   34   36   38   40   50   52   55   58   61   63   66   69   72   75   80   82   84   87   90   95   100   110   120   130   150
237  skill17   5   7   9   11   13   15   17   19   20   22   24   26   28   30   32   34   36   38   40   50   52   55   58   61   63   66   69   72   75   80   82   84   87   90   95   100   110   120   130   150
238    skill18    5   7   9   11   13   15   17   19   20   22   24   26   28   30   32   34   36   38   40   50   52   55   58   61   63   66   69   72   75   80   82   84   87   90   95   100   110   120   130   150
239    skill19    5   7   9   11   13   15   17   19   20   22   24   26   28   30   32   34   36   38   40   50   52   55   58   61   63   66   69   72   75   80   82   84   87   90   95   100   110   120   130   150
240    skill20    5   7   9   11   13   15   17   19   20   22   24   26   28   30   32   34   36   38   40   50   52   55   58   61   63   66   69   72   75   80   82   84   87   90   95   100   110   120   130   150
241    skill21    5   7   9   11   13   15   17   19   20   22   24   26   28   30   32   34   36   38   40   50   52   55   58   61   63   66   69   72   75   80   82   84   87   90   95   100   110   120   130   150
242    skill22    5   7   9   11   13   15   17   19   20   22   24   26   28   30   32   34   36   38   40   50   52   55   58   61   63   66   69   72   75   80   82   84   87   90   95   100   110   120   130   150
243    skill23    5   7   9   11   13   15   17   19   20   22   24   26   28   30   32   34   36   38   40   50   52   55   58   61   63   66   69   72   75   80   82   84   87   90   95   100   110   120   130   150
244    skill24    5   7   9   11   13   15   17   19   20   22   24   26   28   30   32   34   36   38   40   50   52   55   58   61   63   66   69   72   75   80   82   84   87   90   95   100   110   120   130   150